1 48000000 52000000 REG01
2 86000000 100500000 REG02
2 134500000 138000000 REG03
2 183000000 190000000 REG04
3 47500000 50000000 REG05
3 83500000 87000000 REG06
3 89000000 97500000 REG07
5 44500000 50500000 REG08
5 98000000 100500000 REG09
5 129000000 132000000 REG10
5 135500000 138500000 REG11
6 25500000 33500000 REG12
6 57000000 64000000 REG13
6 140000000 142500000 REG14
7 55000000 66000000 REG15
8 8000000 12000000 REG16
8 43000000 50000000 REG17
8 112000000 115000000 REG18
10 37000000 43000000 REG19
11 46000000 57000000 REG20
11 87500000 90500000 REG21
12 33000000 40000000 REG22
12 109500000 112000000 REG23
20 32000000 34500000 REG24
